   0.0000000000000000       0.54030230586813977       0.54030230586813977     
   1.4999999999999965E-002  0.52752388198402200       0.52752493641636433     
   2.9999999999999874E-002  0.51442912030339860       0.51443126528871186     
   4.5000000000000262E-002  0.50101264009451174       0.50101591129506795     
   6.0000000000000692E-002  0.48726913685485790       0.48727356934854865     
   7.5000000000001121E-002  0.47319339740173594       0.47319902554654891     
   9.0000000000001551E-002  0.45878031602620778       0.45878717331472557     
  0.10500000000000198       0.44402491176392850       0.44403303066737870     
  0.12000000000000241       0.42892234683786512       0.42893175863922950     
  0.13500000000000145       0.41346794632939543       0.41347868094508894     
  0.14999999999999980       0.39765721913567559       0.39766930492530245     
  0.16499999999999815       0.38148588027246849       0.38149934383615342     
  0.17999999999999650       0.36494987458276978       0.36496474054556727     
  0.19499999999999484       0.34804540191258521       0.34806169269547282     
  0.20999999999999319       0.33076894381604882       0.33078667939302048     
  0.22499999999999154       0.31311729185269066       0.31313648949347062     
  0.23999999999998989       0.29508757754004561       0.29510825153796394     
  0.25499999999998824       0.27667730402490898       0.27669946540949314     
  0.26999999999998658       0.25788437953632765       0.25790803577019539     
  0.28499999999998493       0.23870715268286022       0.23873230734252796     
  0.29999999999998328       0.21914444965566574       0.21917110209591847     
  0.31499999999998163       0.19919561339755920       0.19922375839908207     
  0.32999999999997998       0.17886054479623958       0.17889017219625467     
  0.34499999999997832       0.15813974595739494       0.15817084026311282     
  0.35999999999997667       0.13703436561024770       0.13706690559501411     
  0.37499999999997502       0.11554624669427166       0.11558020497636791     
  0.38999999999997337        9.3677976171181565E-002   9.3713318775332746E-002
  0.40499999999997172        7.1432937100820423E-002   7.1469623002572494E-002
  0.41999999999997006        4.8815363013140406E-002   4.8853343666381520E-002
  0.43499999999996841        2.5830394600995923E-002   2.5869613449037130E-002
  0.44999999999996676        2.4841387498587050E-003   2.5245307206358553E-003
  0.46499999999996511       -2.1216270089299594E-002  -2.1174779103172225E-002
  0.47999999999996346       -4.5262606188939847E-002  -4.5220099864345137E-002
  0.49499999999996180       -6.9645486513384550E-002  -6.9602058643986511E-002
  0.50999999999996015       -9.4354302398754239E-002  -9.4310057454034660E-002
  0.52499999999995850      -0.11937714899247176      -0.11933220268691859     
  0.53999999999995685      -0.14470075251835215      -0.14465523238891875     
  0.55499999999995520      -0.17031039545327104      -0.17026444144292396     
  0.56999999999995354      -0.19618983972357526      -0.19614360476841983     
  0.58499999999995189      -0.22232124805391923      -0.22227489867103151     
  0.59999999999995024      -0.24868510362824034      -0.24863882050094330     
  0.61499999999994859      -0.27526012825230511      -0.27521410680920805     
  0.62999999999994694      -0.30202319923983650      -0.30197765022349604     
  0.64499999999994528      -0.32894926527984325      -0.32890441530041797     
  0.65999999999994363      -0.35601126158160634      -0.35596735365034737     
  0.67499999999994198      -0.38318002463599721      -0.38313731867285211     
  0.68999999999994033      -0.41042420697759519      -0.41038298028660669     
  0.70499999999993868      -0.43771019238160652      -0.43767074008713813     
  0.71999999999993702      -0.46500201198302205      -0.46496464741917226     
  0.73499999999993537      -0.49226126186294450      -0.49222631690779106     
  0.74999999999993372      -0.51944702270870757      -0.51941484805426918     
  0.76499999999993207      -0.54651578222041108      -0.54648674756842286     
  0.77999999999993042      -0.57342136100691776      -0.57339585517969727     
  0.79499999999992876      -0.60011484278924709      -0.60009327374406418     
  0.80999999999992711      -0.62654450980871612      -0.62652730454320471     
  0.82499999999992546      -0.65265578442108629      -0.65264338875632422     
  0.83999999999992381      -0.67839117794632053      -0.67838405617327979     
  0.85499999999992216      -0.70369024793623935      -0.70368888231037596     
  0.86999999999992050      -0.72848956511916374      -0.72849445518698197     
  0.88499999999991885      -0.75272269138131753      -0.75273435312181247     
  0.89999999999991720      -0.77632017024893674      -0.77633913501190777     
  0.91499999999991555      -0.79920953144227458      -0.79923634466463844     
  0.92999999999991390      -0.82131531118237511      -0.82135053086276877     
  0.94499999999991224      -0.84255909004293095      -0.84260328495415671     
  0.95999999999991059      -0.86285955025186467      -0.86291329787003979     
  0.97499999999990894      -0.88213255445942951      -0.88219643858818009     
  0.98999999999990729      -0.90029124810041339      -0.90036585616801645     
   1.0049999999999057      -0.91724618758599696      -0.91733210759315165     
   1.0199999999999041      -0.93290549666431133      -0.93300331376017553     
   1.0349999999999024      -0.94717505338584607      -0.94728534605019232     
   1.0499999999999008      -0.95995871019837631      -0.96008204600821301     
   1.0649999999998991      -0.97115854977354521      -0.97129548073337857     
   1.0799999999998975      -0.98067517923079539      -0.98082623664691215     
   1.0949999999998958      -0.98840806547089821      -0.98857375435170147     
   1.1099999999998942      -0.99425591435728822      -0.99443670732384515     
   1.1249999999998925      -0.99811709648490321      -0.99831342717858618     
   1.1399999999998909      -0.99989012224890350       -1.0001023782263054     
   1.1549999999998892      -0.99947416886474327      -0.99970268397409467     
   1.1699999999998876      -0.99676966189140148      -0.99701470812949733     
   1.1849999999998859      -0.99167891366548577      -0.99194069251978656     
   1.1999999999998843      -0.98410682085931556      -0.98438545414645617     
   1.2149999999998826      -0.97396162312440826      -0.97425714334394942     
   1.2299999999998810      -0.96115572446607289      -0.96146806469699608     
   1.2449999999998793      -0.94560657860765729      -0.94593556198497175     
   1.2599999999998777      -0.92723763913667867      -0.92758296795660244     
   1.2749999999998760      -0.90597937467152356      -0.90634061918611908     
   1.2899999999998744      -0.88177034863836101      -0.88214693561431179     
   1.3049999999998727      -0.85455836249496975      -0.85494956362639685     
   1.3199999999998711      -0.82430166037290442      -0.82470658065482860     
   1.3349999999998694      -0.79097019212357822      -0.79138775831078201     
   1.3499999999998678      -0.75454693063944334      -0.75497587993513959     
   1.3649999999998661      -0.71502923807117302      -0.71546810721093534     
   1.3799999999998644      -0.67243027416899781      -0.67287738908783157     
   1.3949999999998628      -0.62678043843570352      -0.62723390472977603     
   1.4099999999998611      -0.57812883608631271      -0.57858653050558195     
   1.4249999999998595      -0.52654475596311046      -0.52700431919663016     
   1.4399999999998578      -0.47211914655471549      -0.47257797759648529     
   1.4549999999998562      -0.41496607411756914      -0.41542132652705521     
   1.4699999999998545      -0.35522414460421842      -0.35567272500163510     
   1.4849999999998529      -0.29305786867580308      -0.29349643783736412     
   1.4999999999998512      -0.22865894653198604      -0.22908392347395037     
   1.5149999999998496      -0.16224744665131011      -0.16265501611296793     
   1.5299999999998479       -9.4072849826308425E-002  -9.4458973580201916E-002
   1.5449999999998463       -2.4414927135634278E-002  -2.4775359567187627E-002
   1.5599999999998446        4.6415582237012691E-002   4.6085273829758459E-002
   1.5749999999998430       0.11807653009788990       0.11778094003200615     
   1.5899999999998413       0.19019419455929398       0.18993804767618933     
   1.6049999999998397       0.26236343323300182       0.26215154775946875     
   1.6199999999998380       0.33414819802431200       0.33398544198363139     
   1.6349999999998364       0.40508245693743883       0.40497369775018272     
   1.6499999999998347       0.47467156950079364       0.47462161647185863     
   1.6649999999998331       0.54239416300505960       0.54240770246794445     
   1.6799999999998314       0.60770455658096567       0.60778607956448438     
   1.6949999999998298       0.67003577907714240       0.67018950147576462     
   1.7099999999998281       0.72880322456898983       0.72903299993786730     
   1.7249999999998264       0.78340898596364250       0.78371821122502494     
   1.7399999999998248       0.83324690238147259       0.83363841692227003     
   1.7549999999998231       0.87770834960240196       0.87818432846443928     
   1.7699999999998215       0.91618879467443626       0.91675063679026270     
   1.7849999999998198       0.94809512560336684       0.94874333831147728     
   1.7999999999998182       0.97285375469572755       0.97358783607911292     
   1.8149999999998165       0.98991947944673930       0.99073780037608017     
   1.8299999999998149       0.99878506771015707       0.99968475583485206     
   1.8449999999998132       0.99899151415136656       0.99996834246355859     
   1.8599999999998116       0.99013889260902532       0.99118717560178038     
   1.8749999999998099       0.97189770397442998       0.97301020481721900     
   1.8899999999998083       0.94402059161751239       0.94518844416989700     
   1.9049999999998066       0.90635426641210703       0.90756691627733443     
   1.9199999999998050       0.85885145131949192       0.86009662048825530     
   1.9349999999998033       0.80158262168647698       0.80284630161915838     
   1.9499999999998017       0.73474728246021870       0.73601376068245938     
   1.9649999999998000       0.65868448814342540       0.65993641356076527     
   1.9799999999997984       0.57388227642568856       0.57510076857137737     
   1.9949999999997967       0.48098565314940755       0.48215046043584614     
   2.0099999999998173       0.38080273594090130       0.38189244765800495     
   2.0249999999998489       0.27430863802664052       0.27530095428558216     
   2.0399999999998806       0.16264665425436109       0.16351871728155662     
   2.0549999999999122        4.7126300175874214E-002   4.7855089283179574E-002
   2.0699999999999439       -7.0782245556138587E-002  -7.0219454391685518E-002
   2.0849999999999755      -0.18945773286649581      -0.18908284361327779     
   2.1000000000000072      -0.30714187554884120      -0.30697538781586847     
   2.1150000000000388      -0.42195819377500521      -0.42201856295174300     
   2.1300000000000705      -0.53193596085279349      -0.53223891088886432     
   2.1450000000001022      -0.63503946162928304      -0.63559726183600240     
   2.1600000000001338      -0.72920265511288673      -0.73002337586871124     
   2.1750000000001655      -0.81236919219543668      -0.81345595818901972     
   2.1900000000001971      -0.88253756977017961      -0.88388783332766030     
   2.2050000000002288      -0.93781100491550129      -0.93941586591112469     
   2.2200000000002604      -0.97645138812805288      -0.97829499081176385     
   2.2350000000002921      -0.99693642521898018      -0.99899546581625942     
   2.2500000000003237      -0.99801880748359439       -1.0002621893973913     
   2.2650000000003554      -0.97878596511790261      -0.98117464071729399     
   2.2800000000003871      -0.93871866779052737      -0.94120570679764592     
   2.2950000000004187      -0.87774644941399571      -0.88027737346207824     
   2.3100000000004504      -0.79629756469677482      -0.79881098537039263     
   2.3250000000004820      -0.69534094882673836      -0.69776954204720476     
   2.3400000000005137      -0.57641746701974850      -0.57868930965440535     
   2.3550000000005453      -0.44165762835126893      -0.44369791309273965     
   2.3700000000005770      -0.29378292081044477      -0.29551605244682516     
   2.3850000000006086      -0.13608802555073898      -0.13744008558961662     
   2.4000000000006403        2.7598588324621882E-002   2.6697041102553474E-002
   2.4150000000006719       0.19297777877443484       0.19258862667924773     
   2.4300000000007036       0.35536805287166373       0.35554233646191458     
   2.4450000000007353       0.50981980034462770       0.51059434117962643     
   2.4600000000007669       0.65125514278298624       0.65264920635397639     
   2.4750000000007986       0.77463189692099432       0.77664405759674360     
   2.4900000000008302       0.87512875366497622       0.87773414843940478     
   2.5050000000008619       0.94834721660951427       0.95149539495654345     
   2.5200000000008935       0.99052417239366652       0.99413776314590308     
   2.5350000000009252       0.99874724815342819        1.0027216682920905     
   2.5500000000009568       0.97116343776884351       0.97536785946178739     
   2.5650000000009885       0.90716995956444513       0.91144972786140832     
   2.5800000000010201       0.80757507504420467       0.81175572672958118     
   2.5950000000010518       0.67471579976271878       0.67860877191092395     
   2.6100000000010835       0.51251923368906260       0.51592926727950950     
   2.6250000000011151       0.32649479256141956       0.32922893216682608     
   2.6400000000011468       0.12364608839903016       0.12552405521212706     
   2.6550000000011784       -8.7706281981831516E-002  -8.6840705846423477E-002
   2.6700000000012101      -0.29819613612380341      -0.29846322276668008     
   2.6850000000012417      -0.49777757795128530      -0.49924992800786339     
   2.7000000000012734      -0.67617970393117544      -0.67887147750388321     
   2.7150000000013050      -0.82343762155450118      -0.82729563518031524     
   2.7300000000013367      -0.93047969165187672      -0.93537736050773423     
   2.7450000000013683      -0.98974306620385200      -0.99547818048128178     
   2.7600000000014000      -0.99578203072148141       -1.0020792869155999     
   2.7750000000014317      -0.94582705881849116      -0.95234610445368328     
   2.7900000000014633      -0.84024764141536779      -0.84659712331861692     
   2.8050000000014950      -0.68286972953278879      -0.68862745559454874     
   2.8200000000015266      -0.48109990124399543      -0.48583873752163692     
   2.8350000000015583      -0.24581392685996453      -0.24913247195355362     
   2.8500000000015899        9.0221234485762941E-003   7.4656858544992931E-003
   2.8650000000016216       0.26701439783647463       0.26746752254161171     
   2.8800000000016532       0.51028279314506442       0.51286573325608198     
   2.8950000000016849       0.72065168992138529       0.72532993148087643     
   2.9100000000017165       0.88103182366105592       0.88759739597069365     
   2.9250000000017482       0.97690596379409878       0.98497118071758172     
   2.9400000000017799       0.99780359654972239        1.0068103457864970     
   2.9550000000018115       0.93862751784886911       0.94787431986773607     
   2.9700000000018432       0.80068194290921546       0.80936962063134099     
   2.9850000000018748       0.59225129947994593       0.59954625810715734     
