0	0.540302306	0.540302306		0	0.540302306	0.540302306		0	0.540302306	0.540302306
1.00E-02	0.531818238	0.531887596		1.50E-02	0.527523882	0.527534419		1.50E-02	0.527523882	0.527524936
2.00E-02	0.523194377	0.523334709		3.00E-02	0.51442912	0.514450556		3.00E-02	0.51442912	0.514431265
3.00E-02	0.51442912	0.51464203		4.50E-02	0.50101264	0.501045331		4.50E-02	0.50101264	0.501015911
4.00E-02	0.505520876	0.505807954		6.00E-02	0.487269137	0.487313433		6.00E-02	0.487269137	0.487273569
5.00E-02	0.496468068	0.496830892		7.50E-02	0.473193397	0.473249644		7.50E-02	0.473193397	0.473199026
6.00E-02	0.487269137	0.487709265		9.00E-02	0.458780316	0.458848848		9.00E-02	0.458780316	0.458787173
7.00E-02	0.477922543	0.478441513		0.105	0.444024912	0.444106054		0.105	0.444024912	0.444033031
8.00E-02	0.468426768	0.469026095		0.12	0.428922347	0.429016412		0.12	0.428922347	0.428931759
9.00E-02	0.458780316	0.459461489		0.135	0.413467946	0.413575235		0.135	0.413467946	0.413478681
1.00E-01	0.448981718	0.449746197		0.15	0.397657219	0.397778015		0.15	0.397657219	0.397669305
0.11	0.439029531	0.439878743		0.165	0.38148588	0.381620449		0.165	0.38148588	0.381499344
0.12	0.428922347	0.429857684		0.18	0.364949875	0.365098465		0.18	0.364949875	0.364964741
0.13	0.418658787	0.419681601		0.195	0.348045402	0.348208238		0.195	0.348045402	0.348061693
0.14	0.408237512	0.409349112		0.21	0.330768944	0.330946226		0.21	0.330768944	0.330786679
0.15	0.397657219	0.398858868		0.225	0.313117292	0.313309194		0.225	0.313117292	0.313136489
0.16	0.38691665	0.388209559		0.24	0.295087578	0.295294243		0.24	0.295087578	0.295108252
0.17	0.37601459	0.377399917		0.255	0.276677304	0.276898845		0.255	0.276677304	0.276699465
0.18	0.364949875	0.366428717		0.27	0.25788438	0.258120872		0.27	0.25788438	0.257908036
0.19	0.35372139	0.355294783		0.285	0.238707153	0.238958634		0.285	0.238707153	0.238732307
0.2	0.342328079	0.343996988		0.3	0.21914445	0.219410915		0.3	0.21914445	0.219171102
0.21	0.330768944	0.332534261		0.315	0.199195613	0.199477011		0.315	0.199195613	0.199223758
0.22	0.319043048	0.320905588		0.33	0.178860545	0.179156776		0.33	0.178860545	0.178890172
0.23	0.307149525	0.309110018		0.345	0.158139746	0.158450657		0.345	0.158139746	0.15817084
0.24	0.295087578	0.297146665		0.36	0.137034366	0.137359747		0.36	0.137034366	0.137066906
0.25	0.282856484	0.285014713		0.375	0.115546247	0.115885826		0.375	0.115546247	0.115580205
0.26	0.270455604	0.272713421		0.39	9.37E-02	9.40E-02		0.39	9.37E-02	9.37E-02
0.27	0.25788438	0.260242124		0.405	7.14E-02	7.18E-02		0.405	7.14E-02	7.15E-02
0.28	0.245142345	0.247600244		0.42	4.88E-02	4.92E-02		0.42	4.88E-02	4.89E-02
0.29	0.232229126	0.234787287		0.435	2.58E-02	2.62E-02		0.435	2.58E-02	2.59E-02
0.3	0.21914445	0.221802853		0.45	2.48E-03	2.89E-03		0.45	2.48E-03	2.52E-03
0.31	0.205888147	0.208646642		0.465	-2.12E-02	-2.08E-02		0.465	-2.12E-02	-2.12E-02
0.32	0.19246016	0.195318453		0.48	-4.53E-02	-4.48E-02		0.48	-4.53E-02	-4.52E-02
0.33	0.178860545	0.181818197		0.495	-6.96E-02	-6.92E-02		0.495	-6.96E-02	-6.96E-02
0.34	0.165089481	0.168145896		0.51	-9.44E-02	-9.39E-02		0.51	-9.44E-02	-9.43E-02
0.35	0.151147274	0.154301694		0.525	-0.119377149	-0.118927379		0.525	-0.119377149	-0.119332203
0.36	0.137034366	0.14028586		0.54	-0.144700753	-0.144245194		0.54	-0.144700753	-0.144655232
0.37	0.122751336	0.126098795		0.555	-0.170310395	-0.169850444		0.555	-0.170310395	-0.170264441
0.38	0.108298912	0.111741039		0.57	-0.19618984	-0.19572702		0.57	-0.19618984	-0.196143605
0.39	9.37E-02	9.72E-02		0.585	-0.222321248	-0.221857221		0.585	-0.222321248	-0.222274899
0.4	7.89E-02	8.25E-02		0.6	-0.248685104	-0.248221671		0.6	-0.248685104	-0.248638821
0.41	6.39E-02	6.77E-02		0.615	-0.275260128	-0.27479924		0.615	-0.275260128	-0.275214107
0.42	4.88E-02	5.26E-02		0.63	-0.302023199	-0.301566958		0.63	-0.302023199	-0.30197765
0.43	3.35E-02	3.74E-02		0.645	-0.328949265	-0.328499933		0.645	-0.328949265	-0.328904415
0.44	1.81E-02	2.21E-02		0.66	-0.356011262	-0.355571263		0.66	-0.356011262	-0.355967354
0.45	2.48E-03	6.53E-03		0.675	-0.383180025	-0.382751954		0.675	-0.383180025	-0.383137319
0.46	-1.33E-02	-9.15E-03		0.69	-0.410424207	-0.410010832		0.69	-0.410424207	-0.41038298
0.47	-2.92E-02	-2.50E-02		0.705	-0.437710192	-0.43731446		0.705	-0.437710192	-0.43767074
0.48	-4.53E-02	-4.10E-02		0.72	-0.465002012	-0.464627051		0.72	-0.465002012	-0.464964647
0.49	-6.15E-02	-5.71E-02		0.735	-0.492261262	-0.491910386		0.735	-0.492261262	-0.492226317
0.5	-7.78E-02	-7.35E-02		0.75	-0.519447023	-0.519123735		0.75	-0.519447023	-0.519414848
0.51	-9.44E-02	-8.99E-02		0.765	-0.546515782	-0.546223775		0.765	-0.546515782	-0.546486748
0.52	-0.111002098	-0.106498594		0.78	-0.573421361	-0.573164518		0.78	-0.573421361	-0.573395855
0.53	-0.127785629	-0.123236011		0.795	-0.600114843	-0.599897241		0.795	-0.600114843	-0.600093274
0.54	-0.144700753	-0.140110672		0.81	-0.62654451	-0.626370415		0.81	-0.62654451	-0.626527305
0.55	-0.161743036	-0.157118509		0.825	-0.652655784	-0.652529653		0.825	-0.652655784	-0.652643389
0.56	-0.178907746	-0.174255166		0.84	-0.678391178	-0.678317651		0.84	-0.678391178	-0.678384056
0.57	-0.19618984	-0.191515988		0.855	-0.703690248	-0.703674146		0.855	-0.703690248	-0.703688882
0.58	-0.213583952	-0.208896012		0.87	-0.728489565	-0.728535883		0.87	-0.728489565	-0.728494455
0.59	-0.231084386	-0.226389954		0.885	-0.752722691	-0.75283659		0.885	-0.752722691	-0.752734353
0.6	-0.248685104	-0.243992199		0.9	-0.77632017	-0.776506964		0.9	-0.77632017	-0.776339135
0.61	-0.266379712	-0.26169679		0.915	-0.799209531	-0.799474677		0.915	-0.799209531	-0.799236345
0.62	-0.284161454	-0.279497419		0.93	-0.821315311	-0.821664393		0.93	-0.821315311	-0.821350531
0.63	-0.302023199	-0.297387413		0.945	-0.84255909	-0.8429978		0.945	-0.84255909	-0.842603285
0.64	-0.319957428	-0.315359723		0.96	-0.86285955	-0.863393671		0.96	-0.86285955	-0.862913298
0.65	-0.337956224	-0.333406915		0.975	-0.882132554	-0.882767932		0.975	-0.882132554	-0.882196439
0.66	-0.356011262	-0.351521155		0.99	-0.900291248	-0.901033767		0.99	-0.900291248	-0.900365856
0.67	-0.374113796	-0.369694201		1.005	-0.917246188	-0.918101741		1.005	-0.917246188	-0.917332108
0.68	-0.392254651	-0.387917388		1.02	-0.932905497	-0.93387995		1.02	-0.932905497	-0.933003314
0.69	-0.410424207	-0.406181619		1.035	-0.947175053	-0.948274208		1.035	-0.947175053	-0.947285346
0.7	-0.42861239	-0.424477352		1.05	-0.95995871	-0.961188263		1.05	-0.95995871	-0.960082046
0.71	-0.446808663	-0.442794589		1.065	-0.97115855	-0.972524042		1.065	-0.97115855	-0.971295481
0.72	-0.465002012	-0.461122865		1.08	-0.980675179	-0.982181949		1.08	-0.980675179	-0.980826237
0.73	-0.483180937	-0.479451234		1.095	-0.988408065	-0.990061192		1.095	-0.988408065	-0.988573754
0.74	-0.501333442	-0.49776826		1.11	-0.994255914	-0.996060155		1.11	-0.994255914	-0.994436707
0.75	-0.519447023	-0.516062007		1.125	-0.998117096	-1.000076823		1.125	-0.998117096	-0.998313427
0.76	-0.537508657	-0.534320025		1.14	-0.999890122	-1.002009249		1.14	-0.999890122	-1.000102378
0.77	-0.555504798	-0.55252934		1.155	-0.999474169	-1.001756076		1.155	-0.999474169	-0.999702684
0.78	-0.573421361	-0.570676445		1.17	-0.996769662	-0.999217116		1.17	-0.996769662	-0.997014708
0.79	-0.591243716	-0.588747289		1.185	-0.991678914	-0.994293978		1.185	-0.991678914	-0.991940693
0.8	-0.60895668	-0.606727266		1.2	-0.984106821	-0.986890769		1.2	-0.984106821	-0.984385454
0.81	-0.62654451	-0.624601209		1.215	-0.973961623	-0.976914836		1.215	-0.973961623	-0.974257143
0.82	-0.643990891	-0.642353378		1.23	-0.961155724	-0.964277595		1.23	-0.961155724	-0.961468065
0.83	-0.661278937	-0.659967451		1.245	-0.945606579	-0.948895403		1.245	-0.945606579	-0.945935562
0.84	-0.678391178	-0.677426521		1.26	-0.927237639	-0.930690509		1.26	-0.927237639	-0.927582968
0.85	-0.695309559	-0.694713085		1.275	-0.905979375	-0.909592064		1.275	-0.905979375	-0.906340619
0.86	-0.712015434	-0.711809037		1.29	-0.881770349	-0.8855372		1.29	-0.881770349	-0.882146936
0.87	-0.728489565	-0.728695666		1.305	-0.854558362	-0.85847217		1.305	-0.854558362	-0.854949564
0.88	-0.744712118	-0.74535365		1.32	-0.82430166	-0.828353553		1.32	-0.82430166	-0.824706581
0.89	-0.760662662	-0.761763051		1.335	-0.790970192	-0.795149518		1.335	-0.790970192	-0.791387758
0.9	-0.77632017	-0.777903313		1.35	-0.754546931	-0.758841143		1.35	-0.754546931	-0.75497588
0.91	-0.791663021	-0.793753264		1.365	-0.715029238	-0.719423785		1.365	-0.715029238	-0.715468107
0.92	-0.806669002	-0.80929111		1.38	-0.672430274	-0.676908495		1.38	-0.672430274	-0.672877389
0.93	-0.821315311	-0.824494442		1.395	-0.626780438	-0.631323465		1.395	-0.626780438	-0.627233905
0.94	-0.835578569	-0.839340233		1.41	-0.578128836	-0.582715511		1.41	-0.578128836	-0.578586531
0.95	-0.849434821	-0.853804849		1.425	-0.526544756	-0.531151552		1.425	-0.526544756	-0.527004319
0.96	-0.86285955	-0.867864049		1.44	-0.472119147	-0.476720116		1.44	-0.472119147	-0.472577978
0.97	-0.875827688	-0.881492996		1.455	-0.414966074	-0.419532804		1.455	-0.414966074	-0.415421327
0.98	-0.88831363	-0.894666265		1.47	-0.355224145	-0.359725741		1.47	-0.355224145	-0.355672725
0.99	-0.900291248	-0.907357859		1.485	-0.293057869	-0.297460968		1.485	-0.293057869	-0.293496438
1	-0.911733915	-0.919541216		1.5	-0.228658947	-0.23292775		1.5	-0.228658947	-0.229083923
1.01	-0.92261452	-0.93118923		1.515	-0.162247447	-0.166343795		1.515	-0.162247447	-0.162655016
1.02	-0.932905497	-0.942274271		1.53	-9.41E-02	-9.80E-02		1.53	-9.41E-02	-9.45E-02
1.03	-0.942578847	-0.952768201		1.545	-2.44E-02	-2.80E-02		1.545	-2.44E-02	-2.48E-02
1.04	-0.951606174	-0.962642404		1.56	4.64E-02	4.31E-02		1.56	4.64E-02	4.61E-02
1.05	-0.95995871	-0.97186781		1.575	0.11807653	0.11509403		1.575	0.11807653	0.11778094
1.06	-0.967607358	-0.980414926		1.59	0.190194195	0.187604916		1.59	0.190194195	0.189938048
1.07	-0.974522728	-0.988253869		1.605	0.262363433	0.260215737		1.605	0.262363433	0.262151548
1.08	-0.980675179	-0.995354404		1.62	0.334148198	0.332490981		1.62	0.334148198	0.333985442
1.09	-0.986034872	-1.001685985		1.635	0.405082457	0.403964653		1.635	0.405082457	0.404973698
1.1	-0.990571813	-1.007217796		1.65	0.47467157	0.474141575		1.65	0.47467157	0.474621616
1.11	-0.994255914	-1.011918803		1.665	0.542394163	0.542499193		1.665	0.542394163	0.542407702
1.12	-0.99705705	-1.015757805		1.68	0.607704557	0.608489919		1.68	0.607704557	0.60778608
1.13	-0.99894512	-1.01870349		1.695	0.670035779	0.671544081		1.695	0.670035779	0.670189501
1.14	-0.999890122	-1.020724496		1.71	0.728803225	0.731073499		1.71	0.728803225	0.729033
1.15	-0.999862219	-1.02178948		1.725	0.783408986	0.786475747		1.725	0.783408986	0.783718211
1.16	-0.99883182	-1.021867184		1.74	0.833246902	0.837139138		1.74	0.833246902	0.833638417
1.17	-0.996769662	-1.020926514		1.755	0.87770835	0.882448445		1.755	0.87770835	0.878184328
1.18	-0.993646899	-1.018936618		1.77	0.916188795	0.921791415		1.77	0.916188795	0.916750637
1.19	-0.989435195	-1.015866975		1.785	0.948095126	0.954566051		1.785	0.948095126	0.948743338
1.2	-0.984106821	-1.011687485		1.8	0.972853755	0.980188698		1.8	0.972853755	0.973587836
1.21	-0.977634759	-1.006368566		1.815	0.989919479	0.998102895		1.815	0.989919479	0.9907378
1.22	-0.969992813	-0.999881256		1.83	0.998785068	1.007788979		1.83	0.998785068	0.999684756
1.23	-0.961155724	-0.992197326		1.845	0.998991514	1.008774384		1.845	0.998991514	0.999968342
1.24	-0.951099292	-0.983289388		1.86	0.990138893	1.000644567		1.86	0.990138893	0.991187176
1.25	-0.939800497	-0.973131023		1.875	0.971897704	0.983054465		1.875	0.971897704	0.973010205
1.26	-0.927237639	-0.961696902		1.89	0.944020592	0.955740354		1.89	0.944020592	0.945188444
1.27	-0.91339047	-0.948962924		1.905	0.906354266	0.918531962		1.905	0.906354266	0.907566916
1.28	-0.898240341	-0.934906351		1.92	0.858851451	0.87136465		1.92	0.858851451	0.86009662
1.29	-0.881770349	-0.919505959		1.935	0.801582622	0.814291431		1.935	0.801582622	0.802846302
1.3	-0.863965493	-0.902742186		1.95	0.734747282	0.747494582		1.95	0.734747282	0.736013761
1.31	-0.844812834	-0.88459729		1.965	0.658684488	0.67129655		1.965	0.658684488	0.659936414
1.32	-0.82430166	-0.865055516		1.98	0.573882276	0.586169827		1.98	0.573882276	0.575100769
1.33	-0.802423656	-0.844103267		1.995	0.480985653	0.492745422		1.995	0.480985653	0.48215046
1.34	-0.779173077	-0.821729275		2.01	0.380802736	0.391819542		2.01	0.380802736	0.381892448
1.35	-0.754546931	-0.797924789		2.025	0.274308638	0.284358066		2.025	0.274308638	0.275300954
1.36	-0.728545156	-0.772683758		2.04	0.162646654	0.171498341		2.04	0.162646654	0.163518717
1.37	-0.701170814	-0.746003026		2.055	4.71E-02	5.45E-02		2.055	4.71E-02	4.79E-02
1.38	-0.672430274	-0.717882528		2.07	-7.08E-02	-6.50E-02		2.07	-7.08E-02	-7.02E-02
1.39	-0.642333406	-0.688325491		2.085	-0.189457733	-0.185578017		2.085	-0.189457733	-0.189082844
1.4	-0.610893775	-0.65733864		2.1	-0.307141876	-0.305352423		2.1	-0.307141876	-0.306975388
1.41	-0.578128836	-0.624932408		2.115	-0.421958194	-0.422447251		2.115	-0.421958194	-0.422018563
1.42	-0.544060128	-0.591121144		2.13	-0.531935961	-0.534864769		2.13	-0.531935961	-0.532238911
1.43	-0.508713468	-0.555923327		2.145	-0.635039462	-0.640534957		2.145	-0.635039462	-0.635597262
1.44	-0.472119147	-0.519361782		2.16	-0.729202655	-0.737349944		2.16	-0.729202655	-0.730023376
1.45	-0.434312114	-0.481463895		2.175	-0.812369192	-0.823203972		2.175	-0.812369192	-0.813455958
1.46	-0.39533217	-0.442261824		2.19	-0.88253757	-0.896038732		2.19	-0.88253757	-0.883887833
1.47	-0.355224145	-0.401792713		2.205	-0.937811005	-0.953893677		2.205	-0.937811005	-0.939415866
1.48	-0.314038072	-0.360098901		2.22	-0.976451388	-0.994960721		2.22	-0.976451388	-0.978294991
1.49	-0.27182936	-0.317228125		2.235	-0.996936425	-1.01764247		2.235	-0.996936425	-0.998995466
1.5	-0.228658947	-0.273233724		2.25	-0.998018807	-1.020612846		2.25	-0.998018807	-1.000262189
1.51	-0.184593449	-0.228174826		2.265	-0.978785965	-1.002878695		2.265	-0.978785965	-0.981174641
1.52	-0.139705296	-0.182116534		2.28	-0.938718668	-0.963840649		2.28	-0.938718668	-0.941205707
1.53	-9.41E-02	-0.1351301		2.295	-0.877746449	-0.903351208		2.295	-0.877746449	-0.880277373
1.54	-4.78E-02	-8.73E-02		2.31	-0.796297565	-0.821767757		2.31	-0.796297565	-0.798810985
1.55	-9.19E-04	-3.87E-02		2.325	-0.695340949	-0.719997902		2.325	-0.695340949	-0.697769542
1.56	4.64E-02	1.06E-02		2.34	-0.576417467	-0.599534397		2.34	-0.576417467	-0.57868931
1.57	9.41E-02	6.04E-02		2.355	-0.441657628	-0.462476692		2.355	-0.441657628	-0.443697913
1.58	0.142084369	0.110781139		2.37	-0.293782921	-0.311536165		2.37	-0.293782921	-0.295516052
1.59	0.190194195	0.161477646		2.385	-0.136088026	-0.150022114		2.385	-0.136088026	-0.137440086
1.6	0.238327579	0.21242		2.4	2.76E-02	1.82E-02		2.4	2.76E-02	2.67E-02
1.61	0.286356816	0.263483476		2.415	0.192977779	0.188739571		2.415	0.192977779	0.192588627
1.62	0.334148198	0.314536467		2.43	0.355368053	0.356825309		2.43	0.355368053	0.355542336
1.63	0.381562168	0.365440538		2.445	0.5098198	0.517360073		2.445	0.5098198	0.510594341
1.64	0.428453506	0.416050521		2.46	0.651255143	0.665090102		2.46	0.651255143	0.652649206
1.65	0.47467157	0.466214648		2.475	0.774631897	0.794765015		2.475	0.774631897	0.776644058
1.66	0.52006057	0.515774731		2.49	0.875128754	0.901326734		2.49	0.875128754	0.877734148
1.67	0.564459909	0.564566383		2.505	0.948347217	0.980117268		2.505	0.948347217	0.951495395
1.68	0.607704557	0.6124193		2.52	0.990524172	1.027099391		2.52	0.990524172	0.994137763
1.69	0.649625492	0.65915759		2.535	0.998747248	1.039082403		2.535	0.998747248	1.002721668
1.7	0.690050201	0.704600157		2.55	0.971163438	1.013943416		2.55	0.971163438	0.975367859
1.71	0.728803225	0.748561153		2.565	0.90716996	0.950832881		2.565	0.90716996	0.911449728
1.72	0.765706783	0.790850488		2.58	0.807575075	0.850351692		2.58	0.807575075	0.811755727
1.73	0.80058145	0.831274409		2.595	0.6747158	0.714686188		2.595	0.6747158	0.678608772
1.74	0.833246902	0.869636147		2.61	0.512519234	0.547686952		2.61	0.512519234	0.515929267
1.75	0.863522731	0.905736638		2.625	0.326494793	0.354877643		2.625	0.326494793	0.329228932
1.76	0.891229319	0.93937532		2.64	0.123646088	0.143381359		2.64	0.123646088	0.125524055
1.77	0.916188795	0.970351		2.655	-8.77E-02	-7.82E-02		2.655	-8.77E-02	-8.68E-02
1.78	0.938226042	0.998462812		2.67	-0.298196136	-0.300279465		2.67	-0.298196136	-0.298463223
1.79	0.957169788	1.023511241		2.685	-0.497777578	-0.512195208		2.685	-0.497777578	-0.499249928
1.8	0.972853755	1.045299239		2.7	-0.676179704	-0.70313048		2.7	-0.676179704	-0.678871478
1.81	0.985117873	1.06363342		2.715	-0.823437622	-0.862434524		2.715	-0.823437622	-0.827295635
1.82	0.993809563	1.078325333		2.73	-0.930479692	-0.980283626		2.73	-0.930479692	-0.935377361
1.83	0.998785068	1.089192816		2.745	-0.989743066	-1.048335111		2.745	-0.989743066	-0.99547818
1.84	0.999910851	1.096061435		2.76	-0.995782031	-1.060383827		2.76	-0.995782031	-1.002079287
1.85	0.997065035	1.09876599		2.775	-0.945827059	-1.012977514		2.775	-0.945827059	-0.952346104
1.86	0.990138893	1.097152102		2.79	-0.840247641	-0.905941464		2.79	-0.840247641	-0.846597123
1.87	0.979038364	1.091077864		2.805	-0.68286973	-0.742759541		2.805	-0.68286973	-0.688627456
1.88	0.963685612	1.080415551		2.82	-0.481099901	-0.53075873		2.82	-0.481099901	-0.485838738
1.89	0.944020592	1.065053397		2.835	-0.245813927	-0.281048954		2.835	-0.245813927	-0.249132472
1.9	0.920002628	1.044897406		2.85	9.02E-03	-8.18E-03		2.85	9.02E-03	7.47E-03
1.91	0.891611991	1.019873213		2.865	0.267014398	0.270509706		2.865	0.267014398	0.267467523
1.92	0.858851451	0.989927963		2.88	0.510282793	0.535847695		2.88	0.510282793	0.512865733
1.93	0.821747803	0.955032209		2.895	0.72065169	0.768071909		2.895	0.72065169	0.725329931
1.94	0.780353345	0.915181811		2.91	0.881031824	0.948299086		2.91	0.881031824	0.887597396
1.95	0.734747282	0.870399816		2.925	0.976905964	1.060136393		2.925	0.976905964	0.984971181
1.96	0.68503706	0.820738304		2.94	0.997803597	1.091315368		2.94	0.997803597	1.006810346
1.97	0.631359576	0.766280188		2.955	0.938627518	1.035202709		2.955	0.938627518	0.94787432
1.98	0.573882276	0.707140934		2.97	0.800681943	0.892023715		2.97	0.800681943	0.809369621
1.99	0.512804099	0.643470182		2.985	0.5922513	0.669628797		2.985	0.592251299	0.599546258
2	0.448356242	0.57545325								
2.01	0.380802736	0.503312488								
2.02	0.310440793	0.427308449								
2.03	0.237600902	0.347740864								
2.04	0.162646654	0.264949365								
2.05	8.60E-02	0.179313948								
2.06	8.01E-03	9.13E-02								
2.07	-7.08E-02	1.23E-03								
2.08	-0.149919923	-9.02E-02								
2.09	-0.228886371	-0.182655611								
2.1	-0.307141876	-0.275407384								
2.11	-0.384124744	-0.36789273								
2.12	-0.459254568	-0.459466339								
2.13	-0.531935961	-0.549452782								
2.14	-0.601562761	-0.637150032								
2.15	-0.66752272	-0.72183358								
2.16	-0.729202655	-0.802761164								
2.17	-0.78599407	-0.879178125								
2.18	-0.837299217	-0.950323405								
2.19	-0.88253757	-1.015436178								
2.2	-0.921152692	-1.07376312								
2.21	-0.952619427	-1.12456629								
2.22	-0.976451388	-1.167131596								
2.23	-0.99220865	-1.200777828								
2.24	-0.999505594	-1.224866171								
2.25	-0.998018807	-1.238810169								
2.26	-0.987494931	-1.242086041								
2.27	-0.96775836	-1.234243257								
2.28	-0.938718668	-1.214915274								
2.29	-0.900377618	-1.183830287								
2.3	-0.852835634	-1.140821868								
2.31	-0.796297565	-1.085839315								
2.32	-0.731077591	-1.018957548								
2.33	-0.657603117	-0.940386343								
2.34	-0.576417467	-0.850478696								
2.35	-0.488181229	-0.749738099								
2.36	-0.393672079	-0.638824482								
2.37	-0.293782921	-0.51855857								
2.38	-0.189518193	-0.389924416								
2.39	-8.20E-02	-0.254069838								
2.4	2.76E-02	-0.112304504								
2.41	0.137945574	3.39E-02								
2.42	0.247680116	0.182940341								
2.43	0.355368053	0.333046177								
2.44	0.459530455	0.482339436								
2.45	0.558662608	0.628828527								
2.46	0.651255143	0.770433442								
2.47	0.735817135	0.905009882								
2.48	0.81090098	1.030376947								
2.49	0.875128754	1.144348337								
2.5	0.927219731	1.244766905								
2.51	0.966018637	1.329542322								
2.52	0.990524172	1.396691514								
2.53	0.999917254	1.444381424								
2.54	0.993588378	1.470973538								
2.55	0.971163438	1.475069491								
2.56	0.932527284	1.455556966								
2.57	0.87784428	1.411654944								
2.58	0.807575075	1.342957286								
2.59	0.722488809	1.249473475								
2.6	0.623669982	1.131665284								
2.61	0.512519234	0.990478015								
2.62	0.390747355	0.827364923								
2.63	0.260361927	0.644303375								
2.64	0.123646088	0.44380131								
2.65	-1.69E-02	0.228892577								
2.66	-0.158451515	3.12E-03								
2.67	-0.298196136	-0.229496195								
2.68	-0.433097392	-0.464502149								
2.69	-0.560102049	-0.697072876								
2.7	-0.676179704	-0.92208819								
2.71	-0.778397181	-1.134225624								
2.72	-0.86399721	-1.328068807								
2.73	-0.930479692	-1.498230634								
2.74	-0.975683516	-1.639489771								
2.75	-0.997866664	-1.746938484								
2.76	-0.995782031	-1.816139061								
2.77	-0.96874626	-1.843285468								
2.78	-0.916698709	-1.825366146								
2.79	-0.840247641	-1.760323204								
2.8	-0.740700767	-1.647202653								
2.81	-0.620077416	-1.486289726								
2.82	-0.481099901	-1.27922296								
2.83	-0.327162036	-1.029080371								
2.84	-0.162273303	-0.740430998								
2.85	9.02E-03	-0.419345229								
2.86	0.181751516	-7.34E-02								
2.87	0.350643934	0.288622529								
2.88	0.510282793	0.656459292								
2.89	0.655277564	1.018996403								
2.9	0.780450332	1.364326259								
2.91	0.881031824	1.680118469								
2.92	0.952860363	1.954004964								
2.93	0.992576299	2.174015028								
2.94	0.997803597	2.329050538								
2.95	0.96730976	2.409388447								
2.96	0.90113503	2.407194155								
2.97	0.800681943	2.317026214								
2.98	0.668756956	2.136309863								
2.99	0.509556914	1.86575443								
